title:Wishlist

// The Mountaintop ()
dimwishlist:item=568611922&perks=981914802,3492396210,2010801679,469285294
dimwishlist:item=568611922&perks=981914802,3492396210,2010801679,1546637391
dimwishlist:item=568611922&perks=981914802,3492396210,3300816228,469285294
dimwishlist:item=568611922&perks=981914802,3492396210,3300816228,1546637391
dimwishlist:item=568611922&perks=981914802,3492396210,3643424744,469285294
dimwishlist:item=568611922&perks=981914802,3492396210,3643424744,1546637391
dimwishlist:item=568611922&perks=981914802,3301904089,2010801679,469285294
dimwishlist:item=568611922&perks=981914802,3301904089,2010801679,1546637391
dimwishlist:item=568611922&perks=981914802,3301904089,3300816228,469285294
dimwishlist:item=568611922&perks=981914802,3301904089,3300816228,1546637391
dimwishlist:item=568611922&perks=981914802,3301904089,3643424744,469285294
dimwishlist:item=568611922&perks=981914802,3301904089,3643424744,1546637391
dimwishlist:item=568611922&perks=1441682018,3492396210,2010801679,469285294
dimwishlist:item=568611922&perks=1441682018,3492396210,2010801679,1546637391
dimwishlist:item=568611922&perks=1441682018,3492396210,3300816228,469285294
dimwishlist:item=568611922&perks=1441682018,3492396210,3300816228,1546637391
dimwishlist:item=568611922&perks=1441682018,3492396210,3643424744,469285294
dimwishlist:item=568611922&perks=1441682018,3492396210,3643424744,1546637391
dimwishlist:item=568611922&perks=1441682018,3301904089,2010801679,469285294
dimwishlist:item=568611922&perks=1441682018,3301904089,2010801679,1546637391
dimwishlist:item=568611922&perks=1441682018,3301904089,3300816228,469285294
dimwishlist:item=568611922&perks=1441682018,3301904089,3300816228,1546637391
dimwishlist:item=568611922&perks=1441682018,3301904089,3643424744,469285294
dimwishlist:item=568611922&perks=1441682018,3301904089,3643424744,1546637391
dimwishlist:item=568611922&perks=3525010810,3492396210,2010801679,469285294
dimwishlist:item=568611922&perks=3525010810,3492396210,2010801679,1546637391
dimwishlist:item=568611922&perks=3525010810,3492396210,3300816228,469285294
dimwishlist:item=568611922&perks=3525010810,3492396210,3300816228,1546637391
dimwishlist:item=568611922&perks=3525010810,3492396210,3643424744,469285294
dimwishlist:item=568611922&perks=3525010810,3492396210,3643424744,1546637391
dimwishlist:item=568611922&perks=3525010810,3301904089,2010801679,469285294
dimwishlist:item=568611922&perks=3525010810,3301904089,2010801679,1546637391
dimwishlist:item=568611922&perks=3525010810,3301904089,3300816228,469285294
dimwishlist:item=568611922&perks=3525010810,3301904089,3300816228,1546637391
dimwishlist:item=568611922&perks=3525010810,3301904089,3643424744,469285294
dimwishlist:item=568611922&perks=3525010810,3301904089,3643424744,1546637391
